data;vendas;tipo;forecast_horizon;vendas_acumuladas
2025-08-27;9042.28;historico;0;9042.28
2025-08-28;45300.45;historico;0;54342.729999999996
2025-08-29;8204.98;historico;0;62547.70999999999
2025-08-30;0.0;historico;0;62547.70999999999
2025-08-31;0.0;historico;0;62547.70999999999
2025-09-01;4601.1;historico;0;67148.81
2025-09-02;56481.13;historico;0;123629.94
2025-09-03;17029.53;historico;0;140659.47
2025-09-04;279.1;historico;0;140938.57
2025-09-05;0.0;historico;0;140938.57
2025-09-06;0.0;historico;0;140938.57
2025-09-07;0.0;historico;0;140938.57
2025-09-08;423.07;historico;0;141361.64
2025-09-09;123338.1;historico;0;264699.74
2025-09-10;267416.6;historico;0;532116.34
2025-09-11;123274.35;historico;0;655390.69
2025-09-12;139195.8;historico;0;794586.49
2025-09-13;0.0;historico;0;794586.49
2025-09-14;0.0;historico;0;794586.49
2025-09-15;191739.25;historico;0;986325.74
2025-09-16;180207.01;historico;0;1166532.75
2025-09-17;44732.43;historico;0;1211265.18
2025-09-18;49997.38;historico;0;1261262.5599999998
2025-09-19;161021.98;historico;0;1422284.5399999998
2025-09-20;0.0;historico;0;1422284.5399999998
2025-09-21;0.0;historico;0;1422284.5399999998
2025-09-22;268598.45;historico;0;1690882.9899999998
2025-09-23;61099.59;historico;0;1751982.5799999998
2025-09-24;36105.63;historico;0;1788088.2099999997
2025-09-25;122797.96;historico;0;1910886.1699999997
2025-09-26;94338.47;historico;0;2005224.6399999997
2025-09-27;9226.23290908265;previsao;30;2014450.8729090823
2025-09-27;9226.23290908265;previsao;90;2014450.8729090823
2025-09-27;9226.23290908265;previsao;60;2014450.8729090823
2025-09-28;9226.23290908265;previsao;30;2023677.105818165
2025-09-28;9226.23290908265;previsao;90;2023677.105818165
2025-09-28;9226.23290908265;previsao;60;2023677.105818165
2025-09-29;9286.89757278714;previsao;90;2032964.0033909522
2025-09-29;9286.89757278714;previsao;30;2032964.0033909522
2025-09-29;9286.89757278714;previsao;60;2032964.0033909522
2025-09-30;9286.89757278714;previsao;60;2042250.9009637395
2025-09-30;9286.89757278714;previsao;30;2042250.9009637395
2025-09-30;9286.89757278714;previsao;90;2042250.9009637395
2025-10-01;9286.89757278714;previsao;60;2051537.7985365267
2025-10-01;9286.89757278714;previsao;90;2051537.7985365267
2025-10-01;9286.89757278714;previsao;30;2051537.7985365267
2025-10-02;9286.89757278714;previsao;30;2060824.696109314
2025-10-02;9286.89757278714;previsao;60;2060824.696109314
2025-10-02;9286.89757278714;previsao;90;2060824.696109314
2025-10-03;9226.23290908265;previsao;60;2070050.9290183967
2025-10-03;9226.23290908265;previsao;90;2070050.9290183967
2025-10-03;9226.23290908265;previsao;30;2070050.9290183967
2025-10-04;7250.4486026211935;previsao;60;2077301.3776210179
2025-10-04;7250.4486026211935;previsao;30;2077301.3776210179
2025-10-04;7250.4486026211935;previsao;90;2077301.3776210179
2025-10-05;5343.637694780909;previsao;90;2082645.0153157988
2025-10-05;5343.637694780909;previsao;60;2082645.0153157988
2025-10-05;5343.637694780909;previsao;30;2082645.0153157988
2025-10-06;7250.4486026211935;previsao;90;2089895.46391842
2025-10-06;7250.4486026211935;previsao;30;2089895.46391842
2025-10-06;7250.4486026211935;previsao;60;2089895.46391842
2025-10-07;7250.4486026211935;previsao;30;2097145.9125210412
2025-10-07;7250.4486026211935;previsao;90;2097145.9125210412
2025-10-07;7250.4486026211935;previsao;60;2097145.9125210412
2025-10-08;9226.23290908265;previsao;90;2106372.145430124
2025-10-08;9226.23290908265;previsao;30;2106372.145430124
2025-10-08;9226.23290908265;previsao;60;2106372.145430124
2025-10-09;9226.23290908265;previsao;90;2115598.3783392063
2025-10-09;9226.23290908265;previsao;30;2115598.3783392063
2025-10-09;9226.23290908265;previsao;60;2115598.3783392063
2025-10-10;9226.23290908265;previsao;90;2124824.611248289
2025-10-10;9226.23290908265;previsao;60;2124824.611248289
2025-10-10;9226.23290908265;previsao;30;2124824.611248289
2025-10-11;9226.23290908265;previsao;30;2134050.844157371
2025-10-11;9226.23290908265;previsao;60;2134050.844157371
2025-10-11;9226.23290908265;previsao;90;2134050.844157371
2025-10-12;9226.23290908265;previsao;60;2143277.0770664536
2025-10-12;9226.23290908265;previsao;30;2143277.0770664536
2025-10-12;9226.23290908265;previsao;90;2143277.0770664536
2025-10-13;9286.89757278714;previsao;30;2152563.9746392407
2025-10-13;9286.89757278714;previsao;60;2152563.9746392407
2025-10-13;9286.89757278714;previsao;90;2152563.9746392407
2025-10-14;9286.89757278714;previsao;30;2161850.8722120277
2025-10-14;9286.89757278714;previsao;60;2161850.8722120277
2025-10-14;9286.89757278714;previsao;90;2161850.8722120277
2025-10-15;9226.23290908265;previsao;60;2171077.10512111
2025-10-15;9226.23290908265;previsao;90;2171077.10512111
2025-10-15;9226.23290908265;previsao;30;2171077.10512111
2025-10-16;7407.418973894534;previsao;30;2178484.5240950044
2025-10-16;7407.418973894534;previsao;60;2178484.5240950044
2025-10-16;7407.418973894534;previsao;90;2178484.5240950044
2025-10-17;7250.4486026211935;previsao;30;2185734.9726976254
2025-10-17;7250.4486026211935;previsao;90;2185734.9726976254
2025-10-17;7250.4486026211935;previsao;60;2185734.9726976254
2025-10-18;5892.891760535763;previsao;60;2191627.864458161
2025-10-18;5892.891760535763;previsao;90;2191627.864458161
2025-10-18;5892.891760535763;previsao;30;2191627.864458161
2025-10-19;5892.891760535763;previsao;90;2197520.7562186965
2025-10-19;5892.891760535763;previsao;30;2197520.7562186965
2025-10-19;5892.891760535763;previsao;60;2197520.7562186965
2025-10-20;5892.891760535763;previsao;90;2203413.647979232
2025-10-20;5892.891760535763;previsao;60;2203413.647979232
2025-10-20;5892.891760535763;previsao;30;2203413.647979232
2025-10-21;5892.891760535763;previsao;90;2209306.5397397676
2025-10-21;5892.891760535763;previsao;60;2209306.5397397676
2025-10-21;5892.891760535763;previsao;30;2209306.5397397676
2025-10-22;5892.891760535763;previsao;60;2215199.431500303
2025-10-22;5892.891760535763;previsao;30;2215199.431500303
2025-10-22;5892.891760535763;previsao;90;2215199.431500303
2025-10-23;5343.637694780909;previsao;30;2220543.069195084
2025-10-23;5343.637694780909;previsao;60;2220543.069195084
2025-10-23;5343.637694780909;previsao;90;2220543.069195084
2025-10-24;4532.9497586080615;previsao;60;2225076.0189536917
2025-10-24;4532.9497586080615;previsao;90;2225076.0189536917
2025-10-24;4532.9497586080615;previsao;30;2225076.0189536917
2025-10-25;4302.479244287749;previsao;30;2229378.4981979793
2025-10-25;4302.479244287749;previsao;90;2229378.4981979793
2025-10-25;4302.479244287749;previsao;60;2229378.4981979793
2025-10-26;4302.479244287749;previsao;90;2233680.977442267
2025-10-26;4302.479244287749;previsao;60;2233680.977442267
2025-10-26;4302.479244287749;previsao;30;2233680.977442267
2025-10-27;4302.479244287749;previsao;90;2237983.4566865545
2025-10-27;4302.479244287749;previsao;60;2237983.4566865545
2025-10-28;4302.479244287749;previsao;90;2242285.935930842
2025-10-28;4302.479244287749;previsao;60;2242285.935930842
2025-10-29;4180.029490915536;previsao;60;2246465.9654217577
2025-10-29;4180.029490915536;previsao;90;2246465.9654217577
2025-10-30;4180.029490915536;previsao;60;2250645.9949126733
2025-10-30;4180.029490915536;previsao;90;2250645.9949126733
2025-10-31;3389.031032336888;previsao;90;2254035.02594501
2025-10-31;3389.031032336888;previsao;60;2254035.02594501
2025-11-01;3389.031032336888;previsao;90;2257424.056977347
2025-11-01;3389.031032336888;previsao;60;2257424.056977347
2025-11-02;2745.4897608450674;previsao;90;2260169.546738192
2025-11-02;2745.4897608450674;previsao;60;2260169.546738192
2025-11-03;3389.031032336888;previsao;90;2263558.577770529
2025-11-03;3389.031032336888;previsao;60;2263558.577770529
2025-11-04;4180.029490915536;previsao;60;2267738.6072614444
2025-11-04;4180.029490915536;previsao;90;2267738.6072614444
2025-11-05;4180.029490915536;previsao;90;2271918.63675236
2025-11-05;4180.029490915536;previsao;60;2271918.63675236
2025-11-06;4180.029490915536;previsao;60;2276098.6662432756
2025-11-06;4180.029490915536;previsao;90;2276098.6662432756
2025-11-07;3389.031032336888;previsao;60;2279487.6972756125
2025-11-07;3389.031032336888;previsao;90;2279487.6972756125
2025-11-08;2745.4897608450674;previsao;90;2282233.1870364575
2025-11-08;2745.4897608450674;previsao;60;2282233.1870364575
2025-11-09;3389.031032336888;previsao;60;2285622.2180687943
2025-11-09;3389.031032336888;previsao;90;2285622.2180687943
2025-11-10;4180.029490915536;previsao;90;2289802.24755971
2025-11-10;4180.029490915536;previsao;60;2289802.24755971
2025-11-11;4289.079253522038;previsao;60;2294091.326813232
2025-11-11;4289.079253522038;previsao;90;2294091.326813232
2025-11-12;4302.479244287749;previsao;90;2298393.8060575197
2025-11-12;4302.479244287749;previsao;60;2298393.8060575197
2025-11-13;4289.079253522038;previsao;90;2302682.885311042
2025-11-13;4289.079253522038;previsao;60;2302682.885311042
2025-11-14;4180.029490915536;previsao;90;2306862.9148019576
2025-11-14;4180.029490915536;previsao;60;2306862.9148019576
2025-11-15;3389.031032336888;previsao;60;2310251.9458342944
2025-11-15;3389.031032336888;previsao;90;2310251.9458342944
2025-11-16;3389.031032336888;previsao;60;2313640.9768666313
2025-11-16;3389.031032336888;previsao;90;2313640.9768666313
2025-11-17;3389.031032336888;previsao;60;2317030.007898968
2025-11-17;3389.031032336888;previsao;90;2317030.007898968
2025-11-18;3389.031032336888;previsao;60;2320419.038931305
2025-11-18;3389.031032336888;previsao;90;2320419.038931305
2025-11-19;2745.4897608450674;previsao;60;2323164.52869215
2025-11-19;2745.4897608450674;previsao;90;2323164.52869215
2025-11-20;2745.4897608450674;previsao;60;2325910.018452995
2025-11-20;2745.4897608450674;previsao;90;2325910.018452995
2025-11-21;2514.9403072722403;previsao;90;2328424.958760267
2025-11-21;2514.9403072722403;previsao;60;2328424.958760267
2025-11-22;2514.9403072722403;previsao;90;2330939.8990675393
2025-11-22;2514.9403072722403;previsao;60;2330939.8990675393
2025-11-23;2331.499829479645;previsao;60;2333271.3988970187
2025-11-23;2331.499829479645;previsao;90;2333271.3988970187
2025-11-24;2514.9403072722403;previsao;60;2335786.339204291
2025-11-24;2514.9403072722403;previsao;90;2335786.339204291
2025-11-25;2745.4897608450674;previsao;60;2338531.828965136
2025-11-25;2745.4897608450674;previsao;90;2338531.828965136
2025-11-26;2745.4897608450674;previsao;90;2341277.318725981
2025-11-27;2745.4897608450674;previsao;90;2344022.808486826
2025-11-28;2514.9403072722403;previsao;90;2346537.748794098
2025-11-29;2331.499829479645;previsao;90;2348869.2486235774
2025-11-30;2331.499829479645;previsao;90;2351200.748453057
2025-12-01;2514.9403072722403;previsao;90;2353715.688760329
2025-12-02;2745.4897608450674;previsao;90;2356461.178521174
2025-12-03;2514.9403072722403;previsao;90;2358976.118828446
2025-12-04;2331.499829479645;previsao;90;2361307.6186579256
2025-12-05;1998.450602670189;previsao;90;2363306.069260596
2025-12-06;1998.450602670189;previsao;90;2365304.519863266
2025-12-07;1693.9601262130022;previsao;90;2366998.479989479
2025-12-08;1998.450602670189;previsao;90;2368996.930592149
2025-12-09;2331.499829479645;previsao;90;2371328.4304216285
2025-12-10;2331.499829479645;previsao;90;2373659.930251108
2025-12-11;2331.499829479645;previsao;90;2375991.4300805875
2025-12-12;1998.450602670189;previsao;90;2377989.8806832577
2025-12-13;1693.9601262130022;previsao;90;2379683.8408094705
2025-12-14;1998.450602670189;previsao;90;2381682.2914121407
2025-12-15;2331.499829479645;previsao;90;2384013.79124162
2025-12-16;2514.9403072722403;previsao;90;2386528.7315488923
2025-12-17;2514.9403072722403;previsao;90;2389043.6718561645
2025-12-18;2514.9403072722403;previsao;90;2391558.6121634366
2025-12-19;2331.499829479645;previsao;90;2393890.111992916
2025-12-20;2331.499829479645;previsao;90;2396221.6118223956
2025-12-21;2331.499829479645;previsao;90;2398553.111651875
2025-12-22;2514.9403072722403;previsao;90;2401068.051959147
2025-12-23;3389.031032336888;previsao;90;2404457.082991484
2025-12-24;3389.031032336888;previsao;90;2407846.114023821
2025-12-25;3389.031032336888;previsao;90;2411235.145056158
